Trees			
	Target Speed	7	m/s
	Penalty Time	5	sec
	Collision penalty	35	sec
	
Iteration  1	Distance (m)	Time (s)	Avg. Speed	Collision Count	Manual Corrections	Start Alt.	Mid Alt.	End Alt.	Avg. Alt.	Collision Penalty (s)	Corrected Time (s)	Success	Speed Given Success	% Target Speed Achieved (Avg Speed)
1	100	14.295	6.922	0	0	4.263	4.263	4.263	4.263	0	14.295	1	6.922	98.89%
2	100	15.391	7.561	0	0	4.263	3.931	3.586	3.927	0	15.391	1	7.561	108.01%
3	100	15.31	7.562	0	0	3.586	3.586	3.586	3.586	0	15.31	1	7.562	108.03%
4	100	16.771	7.097	0	0	3.674	6.487	5.644	5.268	0	16.771	1	7.097	101.39%
5	100	14.705	7.735	0	0	4.705	4.326	4.368	4.466	0	14.705	1	7.735	110.50%
6	100	17.147	7.077	0	0	6.077	6.059	6.189	6.108	0	17.147	1	7.077	101.10%
7	100	20.527	6.24	0	0	6.192	5.517	4.969	5.559	0	20.527	1	6.24	89.14%
8	100	30.761	4.82	2	0	5.071	3.583	4.228	4.294	70	100.761	0	0	68.86%
9	100	32.021	4.406	1	0	5.31	4.141	4.082	4.511	35	67.021	0	0	62.94%
10	100	72.05	2.41	0	0	5.357	5.474	6.322	5.718	0	72.05	1	2.41	34.43%

Iteration  2	Distance (m)	Time (s)	Avg. Speed	Collision Count	Manual Corrections	Start Alt.	Mid Alt.	End Alt.	Avg. Alt.	Collision Penalty (s)	Corrected Time (s)	Success	Speed Given Success	% Target Speed Achieved (Avg Speed)
1	100	14.341	7.031	0	0	4.157	4.157	4.157	4.157	0	14.341	1	7.031	100.44%
2	100	14.746	6.979	0	0	4.157	4.157	4.157	4.157	0	14.746	1	6.979	99.70%
3	100	14.404	6.999	0	0	4.157	4.157	4.157	4.157	0	14.404	1	6.999	99.99%
4	100	14.558	6.985	0	0	4.157	4.157	4.157	4.157	0	14.558	1	6.985	99.79%
5	100	16.576	6.823	0	0	4.743	7.831	8.01	6.861	0	16.576	1	6.823	97.47%
6	100	16.956	6.662	0	0	6.084	3.46	5.99	5.178	0	16.956	1	6.662	95.17%
7	100	46.995	3.9	1	0	6.38	6.603	4.377	5.787	35	81.995	0	0	55.71%
8	100	42.852	3.51	1	0	2.937	2.285	4.024	3.082	35	77.852	0	0	50.14%
9	100	49.139	2.957	1	0	3.139	4.362	4.769	4.090	35	84.139	0	0	42.24%
10	100	65.627	2.299	1	0	6.048	4.496	6.139	5.561	35	100.627	0	0	32.84%

Iteration  3	Distance (m)	Time (s)	Avg. Speed	Collision Count	Manual Corrections	Start Alt.	Mid Alt.	End Alt.	Avg. Alt.	Collision Penalty (s)	Corrected Time (s)	Success	Speed Given Success	% Target Speed Achieved (Avg Speed)
1	100	14.332	6.986	0	0	4.3	4.3	4.3	4.300	0	14.332	1	6.986	99.80%
2	100	14.726	6.88	0	0	4.3	3.811	3.074	3.728	0	14.726	1	6.88	98.29%
3	100	14.568	6.974	0	0	3.072	3.072	3.072	3.072	0	14.568	1	6.974	99.63%
4	100	15.093	6.855	0	0	2.878	2.627	2.627	2.711	0	15.093	1	6.855	97.93%
5	100	15.26	7.033	0	0	2.927	3.101	3.057	3.028	0	15.26	1	7.033	100.47%
6	100	17.888	6.543	0	0	5.353	6.36	6.31	6.008	0	17.888	1	6.543	93.47%
7	100	18.399	6.31	0	0	4.53	3.553	3.44	3.841	0	18.399	1	6.31	90.14%
8	100	34.015	4.271	1	0	6.77	3.616	5.773	5.386	35	69.015	0	0	61.01%
9	100	61.053	2.909	1	0	5.868	3.294	3.918	4.360	35	96.053	0	0	41.56%
10	100	63.561	2.246	2	0	6.171	5.895	5.944	6.003	70	133.561	0	0	32.09%

Iteration  4	Distance (m)	Time (s)	Avg. Speed	Collision Count	Manual Corrections	Start Alt.	Mid Alt.	End Alt.	Avg. Alt.	Collision Penalty (s)	Corrected Time (s)	Success	Speed Given Success	% Target Speed Achieved (Avg Speed)
1	100	14.396	6.986	0	0	5.466	5.466	5.466	5.466	0	14.396	1	6.986	99.80%
2	100	15.362	6.575	0	0	5.563	5.7	5.701	5.655	0	15.362	1	6.575	93.93%
3	100	16.976	6.059	0	0	5.672	5.126	5.049	5.282	0	16.976	1	6.059	86.56%
4	100	17.548	5.964	0	0	4.97	4.473	4.47	4.638	0	17.548	1	5.964	85.20%
5	100	18.278	5.725	0	0	3.93	3.112	3.101	3.381	0	18.278	1	5.725	81.79%
6	100	25.925	4.612	0	0	5.233	5.275	5.323	5.277	0	25.925	1	4.612	65.89%
7	100	32.685	4.326	0	0	2.563	2.303	3.245	2.704	0	32.685	1	4.326	61.80%
8	100	25.559	4.425	0	0	2.666	2.255	2.445	2.455	0	25.559	1	4.425	63.21%
9	100	49.285	3.672	0	0	3.611	3.635	3.461	3.569	0	49.285	1	3.672	52.46%
10	100	38.807	3.299	0	0	5.404	5.876	5.855	5.712	0	38.807	1	3.299	47.13%

Iteration  5	Distance (m)	Time (s)	Avg. Speed	Collision Count	Manual Corrections	Start Alt.	Mid Alt.	End Alt.	Avg. Alt.	Collision Penalty (s)	Corrected Time (s)	Success	Speed Given Success	% Target Speed Achieved (Avg Speed)
1	100	14.293	7.039	0	0	5.005	5.005	5.005	5.005	0	14.293	1	7.039	100.56%
2	100	14.261	7.044	0	0	5.005	5.005	5.005	5.005	0	14.261	1	7.044	100.63%
3	100	15.608	6.498	0	0	5.048	5.26	5.24	5.183	0	15.608	1	6.498	92.83%
4	100	14.509	7.007	0	0	5.203	5.055	5.057	5.105	0	14.509	1	7.007	100.10%
5	100	20.125	5.484	0	0	5.553	7.216	7.158	6.642	0	20.125	1	5.484	78.34%
6	100	19.64	5.284	0	0	6.165	5.461	5.695	5.774	0	19.64	1	5.284	75.49%
7	100	29.457	3.9	0	0	3.947	6.614	6.221	5.594	0	29.457	1	3.9	55.71%
8	100	31.799	3.853	0	0	4.62	2.562	2.37	3.184	0	31.799	1	3.853	55.04%
9	100	38.162	3.117	1	0	3.213	3.925	3.164	3.434	35	73.162	0	0	44.53%
10	100	47.615	2.743	0	0	6.224	3.231	2.295	3.917	0	47.615	1	2.743	39.19%

Iteration  6	Distance (m)	Time (s)	Avg. Speed	Collision Count	Manual Corrections	Start Alt.	Mid Alt.	End Alt.	Avg. Alt.	Collision Penalty (s)	Corrected Time (s)	Success	Speed Given Success	% Target Speed Achieved (Avg Speed)
1	100	14.284	7.049	0	0	4.04	4.04	4.04	4.040	0	14.284	1	7.049	100.70%
2	100	14.281	7.072	0	0	4.04	4.04	4.04	4.040	0	14.281	1	7.072	101.03%
3	100	15.496	6.612	0	0	4.04	4.099	4.319	4.153	0	15.496	1	6.612	94.46%
4	100	15.583	6.571	0	0	4.383	4.418	4.419	4.407	0	15.583	1	6.571	93.87%
5	100	20.342	5.472	0	0	5.071	7.193	7.277	6.514	0	20.342	1	5.472	78.17%
6	100	19.136	5.336	0	0	6.048	4.228	4.752	5.009	0	19.136	1	5.336	76.23%
7	100	24.032	4.649	0	0	3.344	5.008	4.705	4.352	0	24.032	1	4.649	66.41%
8	100	38.689	3.698	0	0	4.897	2.769	2.724	3.463	0	38.689	1	3.698	52.83%
9	100	42.379	3.76	0	0	3.143	3.474	3.205	3.274	0	42.379	1	3.76	53.71%
10	100	35.211	3.526	0	0	4.712	6.519	7.044	6.092	0	35.211	1	3.526	50.37%

Iteration  7	Distance (m)	Time (s)	Avg. Speed	Collision Count	Manual Corrections	Start Alt.	Mid Alt.	End Alt.	Avg. Alt.	Collision Penalty (s)	Corrected Time (s)	Success	Speed Given Success	% Target Speed Achieved (Avg Speed)
1	100	14.291	7.039	0	0	5.59	5.59	5.59	5.590	0	14.291	1	7.039	100.56%
2	100	16.225	6.253	0	0	5.811	5.965	5.966	5.914	0	16.225	1	6.253	89.33%
3	100	17.528	5.813	0	0	6.256	6.617	6.67	6.514	0	17.528	1	5.813	83.04%
4	100	16.039	6.456	0	0	6.103	4.996	4.988	5.362	0	16.039	1	6.456	92.23%
5	100	20.48	5.129	0	0	4.229	3.817	3.827	3.958	0	20.48	1	5.129	73.27%
6	100	20.972	5.505	0	0	6.061	6.263	6.357	6.227	0	20.972	1	5.505	78.64%
7	100	22.57	4.908	0	0	3.279	4.388	4.945	4.204	0	22.57	1	4.908	70.11%
8	100	34.323	3.55	0	0	4.29	2.749	2.045	3.028	0	34.323	1	3.55	50.71%
9	100	35.417	3.911	0	0	2.659	3.343	3.173	3.058	0	35.417	1	3.911	55.87%
10	100	34.917	3.544	0	0	4.777	6.618	7.097	6.164	0	34.917	1	3.544	50.63%

Iteration  8	Distance (m)	Time (s)	Avg. Speed	Collision Count	Manual Corrections	Start Alt.	Mid Alt.	End Alt.	Avg. Alt.	Collision Penalty (s)	Corrected Time (s)	Success	Speed Given Success	% Target Speed Achieved (Avg Speed)
1	100	14.322	7.028	0	0	5.465	5.465	5.465	5.465	0	14.322	1	7.028	100.40%
2	100	15.216	6.648	0	0	5.547	5.653	5.653	5.618	0	15.216	1	6.648	94.97%
3	100	17.911	5.705	0	0	5.724	5.427	5.327	5.493	0	17.911	1	5.705	81.50%
4	100	15.53	6.61	0	0	5.086	4.765	4.764	4.872	0	15.53	1	6.61	94.43%
5	100	19.527	5.364	0	0	4.371	3.662	3.697	3.910	0	19.527	1	5.364	76.63%
6	100	26.16	4.713	0	0	5.63	5.419	5.347	5.465	0	26.16	1	4.713	67.33%
7	100	29.281	4.612	0	0	2.615	2.592	3.739	2.982	0	29.281	1	4.612	65.89%
8	100	49.251	2.752	1	1	2.492	3.228	3.413	3.044	35	84.251	0	0	39.31%
9	100	66.052	2.267	2	1	3.144	4.595	5.237	4.325	70	136.052	0	0	32.39%
10	100	40.114	3.239	0	0	5.637	7.024	6.4	6.354	0	40.114	1	3.239	46.27%

Iteration  9	Distance (m)	Time (s)	Avg. Speed	Collision Count	Manual Corrections	Start Alt.	Mid Alt.	End Alt.	Avg. Alt.	Collision Penalty (s)	Corrected Time (s)	Success	Speed Given Success	% Target Speed Achieved (Avg Speed)
1	100	14.284	7.049	0	0	4.801	4.801	4.801	4.801	0	14.284	1	7.049	100.70%
2	100	14.303	7.053	0	0	4.801	4.801	4.801	4.801	0	14.303	1	7.053	100.76%
3	100	16.546	6.122	0	0	5.007	5.309	5.318	5.211	0	16.546	1	6.122	87.46%
4	100	14.499	7.028	0	0	5.236	5.131	5.13	5.166	0	14.499	1	7.028	100.40%
5	100	19.678	5.606	0	0	5.577	7.112	7.165	6.618	0	19.678	1	5.606	80.09%
6	100	20.188	5.2	0	0	6.106	4.97	5.342	5.473	0	20.188	1	5.2	74.29%
7	100	22.193	5.065	0	0	3.16	4.979	5.178	4.439	0	22.193	1	5.065	72.36%
8	100	30.696	3.89	0	0	4.847	2.83	3.166	3.614	0	30.696	1	3.89	55.57%
9	100	61.658	2.649	1	1	3.862	3.659	2.532	3.351	35	96.658	0	0	37.84%
10	100	66.275	2.791	0	0	3.937	2.582	1.877	2.799	0	66.275	1	2.791	39.87%

Iteration  10	Distance (m)	Time (s)	Avg. Speed	Collision Count	Manual Corrections	Start Alt.	Mid Alt.	End Alt.	Avg. Alt.	Collision Penalty (s)	Corrected Time (s)	Success	Speed Given Success	% Target Speed Achieved (Avg Speed)
1	100	14.249	7.04	0	0	4.08	4.08	4.08	4.080	0	14.249	1	7.04	100.57%
2	100	14.256	7.044	0	0	4.08	4.08	4.08	4.080	0	14.256	1	7.044	100.63%
3	100	14.305	7.038	0	0	4.08	4.08	4.08	4.080	0	14.305	1	7.038	100.54%
4	100	15.409	6.578	0	0	4.16	4.174	4.174	4.169	0	15.409	1	6.578	93.97%
5	100	20.429	5.421	0	0	5.03	7.281	7.416	6.576	0	20.429	1	5.421	77.44%
6	100	20.307	5.106	0	0	6.595	4.991	4.502	5.363	0	20.307	1	5.106	72.94%
7	100	23.074	4.774	0	0	2.865	4.736	4.539	4.047	0	23.074	1	4.774	68.20%
8	100	32.52	3.616	0	0	2.837	3.329	4.076	3.414	0	32.52	1	3.616	51.66%
9	100	33.557	4.132	0	0	3.005	3.503	2.996	3.168	0	33.557	1	4.132	59.03%
10	100	32.751	3.67	0	0	5.065	6.25	7.02	6.112	0	32.751	1	3.67	52.43%
