Iteration  1	Distance (m)	Time (s)	Avg. Speed	Collision Count	Manual Corrections	Start Alt.	Mid Alt.	End Alt.	Avg. Alt.	Collision Penalty (s)	Corrected Time (s)	Success	Speed Given Success	% Target Speed Achieved (Avg Speed)
1	100	9.993	10.069	0	0	5.377	5.377	5.377	5.377	0	9.993	1	10.069	100.69%
2	100	10.889	9.446	0	0	5.377	5.821	6.073	5.757	0	10.889	1	9.446	94.46%
3	100	10.727	9.514	0	0	6.075	6.131	6.144	6.117	0	10.727	1	9.514	95.14%
4	100	10.78	9.522	0	0	6.207	6.312	6.313	6.277	0	10.78	1	9.522	95.22%
5	100	11.943	8.68	0	0	6.238	6.154	5.822	6.071	0	11.943	1	8.68	86.80%
6	100	18.934	6.562	0	0	8.708	8.861	8.903	8.824	0	18.934	1	6.562	65.62%
7	100	33.702	4.2	0	0	8.989	9.682	6.712	8.461	0	33.702	1	4.2	42.00%
8	100	19.432	6.869	1	0	6.29	6.355	6.251	6.299	50	69.432	0	0	68.69%
9	100	51.494	3.232	1	0	6.169	8.805	7.103	7.359	50	101.494	0	0	32.32%
10	100	57.854	3.134	1	0	8.313	12.934	10.902	10.716	50	107.854	0	0	31.34%

Iteration  2	Distance (m)	Time (s)	Avg. Speed	Collision Count	Manual Corrections	Start Alt.	Mid Alt.	End Alt.	Avg. Alt.	Collision Penalty (s)	Corrected Time (s)	Success	Speed Given Success	% Target Speed Achieved (Avg Speed)
1	100	10.045	9.986	0	0	5.088	5.088	5.088	5.088	0	10.045	1	9.986	99.86%
2	100	11.885	8.574	0	0	5.088	5.334	5.279	5.234	0	11.885	1	8.574	85.74%
3	100	12.842	8.062	0	0	5.33	5.712	6.392	5.811	0	12.842	1	8.062	80.62%
4	100	12.228	8.308	0	0	7.074	7.106	7.105	7.095	0	12.228	1	8.308	83.08%
5	100	15.966	7.042	0	0	6.082	4.621	4.837	5.18	0	15.966	1	7.042	70.42%
6	100	16.034	7.303	0	0	8.159	8.884	8.98	8.674	0	16.034	1	7.303	73.03%
7	100	31.768	4.18	0	0	8.96	8.303	7.475	8.246	0	31.768	1	4.18	41.80%
8	100	24.635	4.928	1	0	7.742	4.908	4.445	5.698	50	74.635	0	0	49.28%
9	100	24.917	5.279	1	0	6.263	4.439	4.732	5.145	50	74.917	0	0	52.79%
10	100	43.991	2.898	1	0	7.636	10.454	11.879	9.99	50	93.991	0	0	28.98%

Iteration  3	Distance (m)	Time (s)	Avg. Speed	Collision Count	Manual Corrections	Start Alt.	Mid Alt.	End Alt.	Avg. Alt.	Collision Penalty (s)	Corrected Time (s)	Success	Speed Given Success	% Target Speed Achieved (Avg Speed)
1	100	10.051	9.993	0	0	4.954	4.954	4.954	4.954	0	10.051	1	9.993	99.93%
2	100	11.428	8.867	0	0	4.954	5.072	5.016	5.014	0	11.428	1	8.867	88.67%
3	100	12.087	8.466	0	0	5.065	5.572	6.083	5.573	0	12.087	1	8.466	84.66%
4	100	11.987	8.576	0	0	6.545	6.751	6.735	6.677	0	11.987	1	8.576	85.76%
5	100	11.687	8.705	0	0	6.508	6.349	6.372	6.41	0	11.687	1	8.705	87.05%
6	100	21.81	5.191	0	0	7.248	6.812	7.216	7.092	0	21.81	1	5.191	51.91%
7	100	18.263	6.061	0	0	6.137	6.375	6.554	6.355	0	18.263	1	6.061	60.61%
8	100	23.475	4.811	0	0	6.919	5.652	5.039	5.87	0	23.475	1	4.811	48.11%
9	100	33.375	4.032	1	0	5.47	5.9	5.004	5.458	50	83.375	0	0	40.32%
10	100	50.605	3.035	1	0	5.454	7.327	7.394	6.725	50	100.605	0	0	30.35%

Iteration  4	Distance (m)	Time (s)	Avg. Speed	Collision Count	Manual Corrections	Start Alt.	Mid Alt.	End Alt.	Avg. Alt.	Collision Penalty (s)	Corrected Time (s)	Success	Speed Given Success	% Target Speed Achieved (Avg Speed)
1	100	9.97	10.055	0	0	4.965	4.965	4.965	4.965	0	9.97	1	10.055	100.55%
2	100	10.107	10.013	0	0	4.965	4.965	4.965	4.965	0	10.107	1	10.013	100.13%
3	100	10.259	9.857	0	0	5.246	5.359	5.359	5.321	0	10.259	1	9.857	98.57%
4	100	10.459	9.792	0	0	5.475	5.695	5.697	5.622	0	10.459	1	9.792	97.92%
5	100	11.981	9.039	0	0	5.61	6.134	6.155	5.966	0	11.981	1	9.039	90.39%
6	100	13.664	8.28	0	0	7.692	8.05	8.556	8.099	0	13.664	1	8.28	82.80%
7	100	24.144	5.247	3	0	9.276	7.662	7.56	8.166	150	174.144	0	0	52.47%
8	100	25.141	5.322	1	0	7.123	8.029	9.483	8.212	50	75.141	0	0	53.22%
9	100	42.915	3.713	2	0	4.988	6.858	10.072	7.306	100	142.915	0	0	37.13%
10	100	30.276	4.463	3	0	9.761	10.367	7.463	9.197	150	180.276	0	0	44.63%

Iteration  5	Distance (m)	Time (s)	Avg. Speed	Collision Count	Manual Corrections	Start Alt.	Mid Alt.	End Alt.	Avg. Alt.	Collision Penalty (s)	Corrected Time (s)	Success	Speed Given Success	% Target Speed Achieved (Avg Speed)
1	100	10.102	10.011	0	0	7.446	7.447	7.447	7.447	0	10.102	1	10.011	100.11%
2	100	12.42	8.675	0	0	7.298	6.286	6.234	6.606	0	12.42	1	8.675	86.75%
3	100	10.033	10.204	0	0	6.233	6.233	6.233	6.233	0	10.033	1	10.204	102.04%
4	100	10.346	9.813	0	0	6.233	6.233	6.233	6.233	0	10.346	1	9.813	98.13%
5	100	20.21	5.751	0	0	5.793	7.418	8.524	7.245	0	20.21	1	5.751	57.51%
6	100	16.513	6.415	1	0	8.284	6.433	5.23	6.649	50	66.513	0	0	64.15%
7	100	20.15	5.58	2	0	4.607	5.611	5.744	5.321	100	120.15	0	0	55.80%
8	100	19.408	5.551	0	0	5.802	5.694	5.433	5.643	0	19.408	1	5.551	55.51%
9	100	23.81	5.301	1	0	5.549	5.733	5.816	5.699	50	73.81	0	0	53.01%
10	100	45.281	3.761	0	0	6.999	4.061	4.125	5.062	0	45.281	1	3.761	37.61%

Iteration  6	Distance (m)	Time (s)	Avg. Speed	Collision Count	Manual Corrections	Start Alt.	Mid Alt.	End Alt.	Avg. Alt.	Collision Penalty (s)	Corrected Time (s)	Success	Speed Given Success	% Target Speed Achieved (Avg Speed)
1	100	10.059	10.013	0	0	7.48	7.481	7.481	7.481	0	10.059	1	10.013	100.13%
2	100	10.962	9.262	0	0	7.519	7.664	7.669	7.617	0	10.962	1	9.262	92.62%
3	100	12.965	8.013	0	0	7.629	7.356	7.009	7.331	0	12.965	1	8.013	80.13%
4	100	12.141	8.426	0	0	7.672	7.893	7.894	7.82	0	12.141	1	8.426	84.26%
5	100	28.916	4.234	0	0	7.028	6.609	6.667	6.768	0	28.916	1	4.234	42.34%
6	100	20.938	5.169	1	0	6.344	5.37	5.918	5.877	50	70.938	0	0	51.69%
7	100	20.575	5.539	2	0	4.912	5.201	4.97	5.028	100	120.575	0	0	55.39%
8	100	26.507	4.602	1	0	5.227	5.165	6.28	5.557	50	76.507	0	0	46.02%
9	100	23.215	5.502	0	0	6.325	6.328	4.599	5.751	0	23.215	1	5.502	55.02%
10	100	71.621	2.177	2	0	3.969	5.131	6.413	5.171	100	171.621	0	0	21.77%

Iteration  7	Distance (m)	Time (s)	Avg. Speed	Collision Count	Manual Corrections	Start Alt.	Mid Alt.	End Alt.	Avg. Alt.	Collision Penalty (s)	Corrected Time (s)	Success	Speed Given Success	% Target Speed Achieved (Avg Speed)
1	100	10.075	9.961	0	0	7.396	7.396	7.396	7.396	0	10.075	1	9.961	99.61%
2	100	10.136	9.989	0	0	7.326	7.211	7.209	7.249	0	10.136	1	9.989	99.89%
3	100	11.219	9.397	0	0	7.161	5.845	5.679	6.228	0	11.219	1	9.397	93.97%
4	100	13.97	7.918	0	0	5.033	6.44	6.561	6.011	0	13.97	1	7.918	79.18%
5	100	11.622	9.325	0	0	7.129	9.343	9.36	8.611	0	11.622	1	9.325	93.25%
6	100	19.593	5.744	0	0	8.716	7.518	7.315	7.85	0	19.593	1	5.744	57.44%
7	100	25.694	4.919	1	0	6.153	6.225	6.703	6.36	50	75.694	0	0	49.19%
8	100	26.228	4.85	1	0	6.285	7.119	7.661	7.022	50	76.228	0	0	48.50%
9	100	38.834	4.01	0	0	5.946	6.616	7.758	6.773	0	38.834	1	4.01	40.10%
10	100	55.928	2.657	1	0	7.974	7.957	7.201	7.711	50	105.928	0	0	26.57%

Iteration  8	Distance (m)	Time (s)	Avg. Speed	Collision Count	Manual Corrections	Start Alt.	Mid Alt.	End Alt.	Avg. Alt.	Collision Penalty (s)	Corrected Time (s)	Success	Speed Given Success	% Target Speed Achieved (Avg Speed)
1	100	10.053	10.014	0	0	7.413	7.414	7.414	7.414	0	10.053	1	10.014	100.14%
2	100	10.011	10.129	0	0	7.414	7.414	7.414	7.414	0	10.011	1	10.129	101.29%
3	100	10.228	9.928	0	0	7.378	6.152	5.944	6.491	0	10.228	1	9.928	99.28%
4	100	10.497	9.808	0	0	5.941	5.941	5.941	5.941	0	10.497	1	9.808	98.08%
5	100	11.652	9.331	0	0	5.831	5.648	5.476	5.652	0	11.652	1	9.331	93.31%
6	100	14.129	7.919	1	0	5.613	5.428	5.509	5.517	50	64.129	0	0	79.19%
7	100	26.725	5.412	1	0	4.799	6.423	5.351	5.524	50	76.725	0	0	54.12%
8	100	36.855	4.066	0	0	5.159	7.092	6.773	6.341	0	36.855	1	4.066	40.66%
9	100	25.221	5.197	0	0	8.998	8.43	7.709	8.379	0	25.221	1	5.197	51.97%
10	100	35.8	3.862	2	0	8.062	5.549	7.274	6.962	100	135.8	0	0	38.62%

Iteration  9	Distance (m)	Time (s)	Avg. Speed	Collision Count	Manual Corrections	Start Alt.	Mid Alt.	End Alt.	Avg. Alt.	Collision Penalty (s)	Corrected Time (s)	Success	Speed Given Success	% Target Speed Achieved (Avg Speed)
1	100	9.988	10.097	0	0	5.702	5.704	5.704	5.703	0	9.988	1	10.097	100.97%
2	100	10.094	9.964	0	0	5.704	5.704	5.704	5.704	0	10.094	1	9.964	99.64%
3	100	10.716	9.567	0	0	5.701	5.401	5.651	5.584	0	10.716	1	9.567	95.67%
4	100	12.915	8.299	0	0	5.986	7.277	7.058	6.774	0	12.915	1	8.299	82.99%
5	100	21.727	6.073	0	0	6.169	7.985	8.304	7.486	0	21.727	1	6.073	60.73%
6	100	26.314	5.338	1	0	7.903	7.308	6.839	7.35	50	76.314	0	0	53.38%
7	100	45.579	3.048	1	1	6.805	6.661	6.602	6.689	50	95.579	0	0	30.48%
8	100	61.253	2.93	2	0	7.368	8.243	7.31	7.64	100	161.253	0	0	29.30%
9	100	50.84	3.337	0	0	5.644	5.265	4.922	5.277	0	50.84	1	3.337	33.37%
10	100	86.268	2.082	3	1	5.459	7.843	5.161	6.154	150	236.268	0	0	20.82%

Iteration  10	Distance (m)	Time (s)	Avg. Speed	Collision Count	Manual Corrections	Start Alt.	Mid Alt.	End Alt.	Avg. Alt.	Collision Penalty (s)	Corrected Time (s)	Success	Speed Given Success	% Target Speed Achieved (Avg Speed)
1	100	9.95	10.058	0	0	5.675	5.677	5.677	5.676	0	9.95	1	10.058	100.58%
2	100	11.844	9.034	0	0	5.677	5.918	6.262	5.952	0	11.844	1	9.034	90.34%
3	100	10.63	9.675	0	0	6.272	7.359	7.688	7.106	0	10.63	1	9.675	96.75%
4	100	13.33	8.081	0	0	7.548	6.576	6.541	6.888	0	13.33	1	8.081	80.81%
5	100	24.17	5.461	1	0	6.536	7.717	9.754	8.002	50	74.17	0	0	54.61%
6	100	28.063	5.481	2	0	9.949	8.039	6.935	8.308	100	128.063	0	0	54.81%
7	100	40.062	3.493	1	0	8.388	8.128	6.901	7.806	50	90.062	0	0	34.93%
8	100	78.042	2.812	0	0	6.2	7.229	6.741	6.723	0	78.042	1	2.812	28.12%
9	100	67.131	3.008	1	0	7.827	7.09	8.158	7.692	50	117.131	0	0	30.08%
10	100	74.235	2.369	1	0	6.817	8.46	7.435	7.571	50	124.235	0	0	23.69%
