Trees			
	Target Speed	9	m/s
	Penalty Time	5	sec
	Collision penalty	45	sec
	
Iteration  1	Distance (m)	Time (s)	Avg. Speed	Collision Count	Manual Corrections	Start Alt.	Mid Alt.	End Alt.	Avg. Alt.	Collision Penalty (s)	Corrected Time (s)	Success	Speed Given Success	% Target Speed Achieved (Avg Speed)
1	100	11.121	9.012	0	0	5.754	5.754	5.754	5.754	0	11.121	1	9.012	100.13%
2	100	13.2	7.75	0	0	5.754	5.976	6.036	5.922	0	13.2	1	7.75	86.11%
3	100	11.218	8.985	0	0	6.036	6.036	6.036	6.036	0	11.218	1	8.985	99.83%
4	100	11.362	8.823	0	0	6.036	6.036	6.036	6.036	0	11.362	1	8.823	98.03%
5	100	18.658	6.049	0	0	6.255	8.773	9.182	8.07	0	18.658	1	6.049	67.21%
6	100	16.98	6.629	0	0	8.005	5.848	6.785	6.879	0	16.98	1	6.629	73.66%
7	100	21.047	5.586	0	0	5.412	7.57	7	6.661	0	21.047	1	5.586	62.07%
8	100	22.994	5.24	0	0	6.635	5.185	5.339	5.72	0	22.994	1	5.24	58.22%
9	100	49.29	3.131	0	0	6.105	4.854	5.981	5.647	0	49.29	1	3.131	34.79%
10	100	44.686	3.007	0	0	5.074	4.774	6.02	5.289	0	44.686	1	3.007	33.41%

Iteration  2	Distance (m)	Time (s)	Avg. Speed	Collision Count	Manual Corrections	Start Alt.	Mid Alt.	End Alt.	Avg. Alt.	Collision Penalty (s)	Corrected Time (s)	Success	Speed Given Success	% Target Speed Achieved (Avg Speed)
1	100	11.307	9	0	0	7.534	7.534	7.534	7.534	0	11.307	1	9	100.00%
2	100	11.155	9.027	0	0	7.534	7.534	7.534	7.534	0	11.155	1	9.027	100.30%
3	100	11.284	8.949	0	0	7.501	6.805	6.768	7.025	0	11.284	1	8.949	99.43%
4	100	11.41	8.934	0	0	6.768	6.768	6.749	6.762	0	11.41	1	8.934	99.27%
5	100	26.852	4.877	1	0	6.39	8.12	9.167	7.892	45	71.852	0	0	54.19%
6	100	14.262	8.025	1	0	8.968	8.348	7.913	8.41	45	59.262	0	0	89.17%
7	100	22.495	5.486	1	0	9.161	7.29	9.895	8.782	45	67.495	0	0	60.96%
8	100	23.712	5.242	2	0	9.059	6.583	6.838	7.493	90	113.712	0	0	58.24%
9	100	39.508	3.514	2	0	7.889	8.134	8.657	8.227	90	129.508	0	0	39.04%
10	100	52.373	2.861	0	0	8.404	10.912	10.419	9.912	0	52.373	1	2.861	31.79%

Iteration  3	Distance (m)	Time (s)	Avg. Speed	Collision Count	Manual Corrections	Start Alt.	Mid Alt.	End Alt.	Avg. Alt.	Collision Penalty (s)	Corrected Time (s)	Success	Speed Given Success	% Target Speed Achieved (Avg Speed)
1	100	11.09	9.025	0	0	5.683	5.683	5.683	5.683	0	11.09	1	9.025	100.28%
2	100	11.23	8.97	0	0	5.683	6.262	7.248	6.398	0	11.23	1	8.97	99.67%
3	100	13.564	7.875	0	0	7.253	6.973	5.233	6.486	0	13.564	1	7.875	87.50%
4	100	11.285	8.937	0	0	5.218	5.218	5.218	5.218	0	11.285	1	8.937	99.30%
5	100	12.314	8.594	0	0	5.301	5.811	5.676	5.596	0	12.314	1	8.594	95.49%
6	100	15.015	8.144	1	0	8.721	9.576	10.192	9.496	45	60.015	0	0	90.49%
7	100	17.221	7.13	0	0	7.371	5.647	7.03	6.683	0	17.221	1	7.13	79.22%
8	100	30.25	4.829	1	0	7.33	6.899	7.603	7.277	45	75.25	0	0	53.66%
9	100	67.835	2.661	1	0	10.481	17.079	17.75	15.103	45	112.835	0	0	29.57%
10	100	42.483	3.364	1	0	17.44	22.227	29.148	22.938	45	87.483	0	0	37.38%

Iteration  4	Distance (m)	Time (s)	Avg. Speed	Collision Count	Manual Corrections	Start Alt.	Mid Alt.	End Alt.	Avg. Alt.	Collision Penalty (s)	Corrected Time (s)	Success	Speed Given Success	% Target Speed Achieved (Avg Speed)
1	100	11.142	9.003	0	0	7.409	7.409	7.409	7.409	0	11.142	1	9.003	100.03%
2	100	12.536	8.119	0	0	7.706	7.831	7.831	7.789	0	12.536	1	8.119	90.21%
3	100	16.645	6.63	0	0	7.822	7.734	6.81	7.455	0	16.645	1	6.63	73.67%
4	100	31.83	3.502	0	0	7.289	7.17	7.277	7.245	0	31.83	1	3.502	38.91%
5	100	22.14	5.836	0	0	6.247	5.272	6.1	5.873	0	22.14	1	5.836	64.84%
6	100	19.24	5.974	0	0	8.087	8.216	9.228	8.51	0	19.24	1	5.974	66.38%
7	100	38.25	3.619	0	0	6.307	4.048	5.63	5.328	0	38.25	1	3.619	40.21%
8	100	37.316	3.77	0	0	9.112	6.1	5.33	6.847	0	37.316	1	3.77	41.89%
9	100	67.875	2.252	0	0	6.758	6.216	4.372	5.782	0	67.875	1	2.252	25.02%
10	100	94.19	1.68	0	0	7.414	6.295	3.978	5.896	0	94.19	1	1.68	18.67%

Iteration  5	Distance (m)	Time (s)	Avg. Speed	Collision Count	Manual Corrections	Start Alt.	Mid Alt.	End Alt.	Avg. Alt.	Collision Penalty (s)	Corrected Time (s)	Success	Speed Given Success	% Target Speed Achieved (Avg Speed)
1	100	11.285	8.976	0	0	7.774	7.775	7.775	7.775	0	11.285	1	8.976	99.73%
2	100	11.135	9.041	0	0	7.775	7.775	7.775	7.775	0	11.135	1	9.041	100.46%
3	100	13.995	7.572	0	0	7.716	6.818	6.657	7.064	0	13.995	1	7.572	84.13%
4	100	17.52	6.062	0	0	6.857	7.253	7.33	7.147	0	17.52	1	6.062	67.36%
5	100	20.025	5.572	0	0	7.511	8.538	8.947	8.332	0	20.025	1	5.572	61.91%
6	100	29.19	4.37	0	0	8.389	5.553	7.779	7.24	0	29.19	1	4.37	48.56%
7	100	51.27	2.714	2	0	7.489	8.046	6.482	7.339	90	141.27	0	0	30.16%
8	100	69.85	2.406	1	0	4.898	5.657	4.121	4.892	45	114.85	0	0	26.73%
9	100	72.658	2.15	1	0	5.264	5.778	7.421	6.154	45	117.658	0	0	23.89%
10	100	82.276	2.277	3	0	6.464	8.073	8.339	7.625	135	217.276	0	0	25.30%

Iteration  6	Distance (m)	Time (s)	Avg. Speed	Collision Count	Manual Corrections	Start Alt.	Mid Alt.	End Alt.	Avg. Alt.	Collision Penalty (s)	Corrected Time (s)	Success	Speed Given Success	% Target Speed Achieved (Avg Speed)
1	100	11.12	9.04	0	0	7.423	7.423	7.423	7.423	0	11.12	1	9.04	100.44%
2	100	13.232	7.745	0	0	7.736	7.969	7.969	7.891	0	13.232	1	7.745	86.06%
3	100	13.454	7.73	0	0	7.95	7.12	7.039	7.37	0	13.454	1	7.73	85.89%
4	100	13.848	7.534	0	0	6.795	6.56	6.568	6.641	0	13.848	1	7.534	83.71%
5	100	15.298	6.874	0	0	6.08	5.803	5.415	5.766	0	15.298	1	6.874	76.38%
6	100	19.747	6.188	0	0	7.968	9.202	9.709	8.96	0	19.747	1	6.188	68.76%
7	100	60.239	2.33	1	1	10.907	10.934	7.548	9.796	45	105.239	0	0	25.89%
8	100	54.751	2.5	2	0	7.427	5.229	5.473	6.043	90	144.751	0	0	27.78%
9	100	82.092	2.02	1	2	4.461	3.996	5.389	4.615	45	127.092	0	0	22.44%
10	100	58.196	2.483	0	0	4.979	5.681	7.161	5.94	0	58.196	1	2.483	27.59%

Iteration  7	Distance (m)	Time (s)	Avg. Speed	Collision Count	Manual Corrections	Start Alt.	Mid Alt.	End Alt.	Avg. Alt.	Collision Penalty (s)	Corrected Time (s)	Success	Speed Given Success	% Target Speed Achieved (Avg Speed)
1	100	11.14	9.001	0	0	7.437	7.437	7.437	7.437	0	11.14	1	9.001	100.01%
2	100	12	8.424	0	0	7.793	7.998	8	7.93	0	12	1	8.424	93.60%
3	100	13.058	7.828	0	0	7.968	7.598	7.535	7.7	0	13.058	1	7.828	86.98%
4	100	13.77	7.562	0	0	7.468	6.757	6.746	6.99	0	13.77	1	7.562	84.02%
5	100	19.835	6.022	0	0	5.995	5.985	7.516	6.499	0	19.835	1	6.022	66.91%
6	100	18.976	5.874	0	0	7.89	7.203	7.204	7.432	0	18.976	1	5.874	65.27%
7	100	27.56	4.45	1	0	5.912	5.049	6.11	5.69	45	72.56	0	0	49.44%
8	100	21.214	5.549	1	0	6.795	4.713	4.642	5.383	45	66.214	0	0	61.66%
9	100	68.56	2.246	2	0	6.053	7.128	4.814	5.998	90	158.56	0	0	24.96%
10	100	20.805	5.131	0	0	3.847	4.041	4.084	3.991	0	20.805	1	5.131	57.01%

Iteration  8	Distance (m)	Time (s)	Avg. Speed	Collision Count	Manual Corrections	Start Alt.	Mid Alt.	End Alt.	Avg. Alt.	Collision Penalty (s)	Corrected Time (s)	Success	Speed Given Success	% Target Speed Achieved (Avg Speed)
1	100	11.108	9.03	0	0	7.334	7.334	7.334	7.334	0	11.108	1	9.03	100.33%
2	100	11.198	9.043	0	0	7.334	7.334	7.334	7.334	0	11.198	1	9.043	100.48%
3	100	11.219	9.01	0	0	7.334	7.334	7.334	7.334	0	11.219	1	9.01	100.11%
4	100	13.44	7.68	0	0	7.183	7.139	7.44	7.254	0	13.44	1	7.68	85.33%
5	100	17.309	6.425	0	0	7.712	9.487	8.518	8.572	0	17.309	1	6.425	71.39%
6	100	17.268	6.258	0	0	8.273	8.123	8.318	8.238	0	17.268	1	6.258	69.53%
7	100	28.007	4.531	0	0	8.942	6.844	7.614	7.8	0	28.007	1	4.531	50.34%
8	100	48.612	3.382	1	0	6.065	5.407	4.384	5.285	45	93.612	0	0	37.58%
9	100	60.08	2.373	1	1	6.682	8	6.55	7.077	45	105.08	0	0	26.37%
10	100	81.407	1.909	1	1	5.343	4.76	4.315	4.806	45	126.407	0	0	21.21%

Iteration  9	Distance (m)	Time (s)	Avg. Speed	Collision Count	Manual Corrections	Start Alt.	Mid Alt.	End Alt.	Avg. Alt.	Collision Penalty (s)	Corrected Time (s)	Success	Speed Given Success	% Target Speed Achieved (Avg Speed)
1	100	11.085	9.031	0	0	7.438	7.438	7.438	7.438	0	11.085	1	9.031	100.34%
2	100	14.12	7.397	0	0	7.453	7.559	7.55	7.521	0	14.12	1	7.397	82.19%
3	100	15.2	6.934	0	0	7.532	7.151	7.854	7.512	0	15.2	1	6.934	77.04%
4	100	13.181	7.827	0	0	8.078	7.643	7.635	7.785	0	13.181	1	7.827	86.97%
5	100	17.119	6.545	0	0	7.668	8.575	7.93	8.058	0	17.119	1	6.545	72.72%
6	100	16.424	6.367	0	0	6.74	4.885	4.786	5.47	0	16.424	1	6.367	70.74%
7	100	19.635	5.735	0	0	4.888	6.457	6.881	6.075	0	19.635	1	5.735	63.72%
8	100	51.501	2.595	1	1	5.592	5.194	4.362	5.049	45	96.501	0	0	28.83%
9	100	28.727	4.223	0	0	4.298	5.782	4.747	4.942	0	28.727	1	4.223	46.92%
10	100	41.734	2.948	0	0	4.361	5.221	3.911	4.498	0	41.734	1	2.948	32.76%

Iteration  10	Distance (m)	Time (s)	Avg. Speed	Collision Count	Manual Corrections	Start Alt.	Mid Alt.	End Alt.	Avg. Alt.	Collision Penalty (s)	Corrected Time (s)	Success	Speed Given Success	% Target Speed Achieved (Avg Speed)
1	100	11.151	9.003	0	0	7.642	7.643	7.643	7.643	0	11.151	1	9.003	100.03%
2	100	11.935	8.407	0	0	7.7	7.783	7.784	7.756	0	11.935	1	8.407	93.41%
3	100	13.956	7.349	0	0	7.958	7.405	7.189	7.517	0	13.956	1	7.349	81.66%
4	100	13.45	7.688	0	0	7.049	6.528	6.518	6.698	0	13.45	1	7.688	85.42%
5	100	13.195	7.818	0	0	6.08	5.544	5.504	5.709	0	13.195	1	7.818	86.87%
6	100	23.185	5.369	0	0	7.137	7.516	7.488	7.38	0	23.185	1	5.369	59.66%
7	100	23.97	5.098	0	0	8.955	7.824	7.718	8.166	0	23.97	1	5.098	56.64%
8	100	26.371	4.597	0	0	7.159	4.86	5.488	5.836	0	26.371	1	4.597	51.08%
9	100	29.097	4.295	1	0	6.945	7.799	8.227	7.657	45	74.097	0	0	47.72%
10	100	56.68	2.84	0	0	7.468	7.876	7.721	7.688	0	56.68	1	2.84	31.56%
