Trees														
	Target Speed	1	m/s											
	Penalty Time	5	sec											
	Collision penalty	5	sec											
												
Iteration  1	Distance (m)	Time (s)	Avg. Speed	Collision Count	Manual Corrections	Start Alt.	Mid Alt.	End Alt.	Avg. Alt.	Collision Penalty (s)	Corrected Time (s)	Success	Speed Given Success	% Target Speed Achieved (Avg Speed)
1	100	99.995	1.003	0	0	3.562	3.562	3.562	3.562	0	99.995	1	1.003	100.30%
2	100	109.183	0.928	0	0	3.562	3.564	3.515	3.547	0	109.183	1	0.928	92.80%
3	100	106.265	0.955	0	0	3.515	3.515	3.515	3.515	0	106.265	1	0.955	95.50%
4	100	108.4	0.934	0	0	3.515	3.515	3.515	3.515	0	108.4	1	0.934	93.40%
5	100	108.258	0.947	0	0	3.515	3.515	3.698	3.576	0	108.258	1	0.947	94.70%
6	100	125.574	0.888	0	0	6.581	7.017	6.977	6.858	0	125.574	1	0.888	88.80%
7	100	153.729	0.711	0	0	3.938	3.152	4.131	3.740	0	153.729	1	0.711	71.10%
8	100	144.828	0.723	0	0	4.145	4.44	4.43	4.338	0	144.828	1	0.723	72.30%
9	100	215.227	0.615	0	0	5.706	5.28	4.812	5.266	0	215.227	1	0.615	61.50%
10	100	339.341	0.37	0	0	3.477	3.02	2.813	3.103	0	339.341	1	0.37	37.00%

Iteration  2	Distance (m)	Time (s)	Avg. Speed	Collision Count	Manual Corrections	Start Alt.	Mid Alt.	End Alt.	Avg. Alt.	Collision Penalty (s)	Corrected Time (s)	Success	Speed Given Success	% Target Speed Achieved (Avg Speed)
1	100	99.972	1.015	0	0	3.661	3.661	3.661	3.661	0	99.972	1	1.015	101.50%
2	100	101.579	1.012	0	0	3.661	3.617	3.567	3.615	0	101.579	1	1.012	101.20%
3	100	101.296	0.987	0	0	3.567	3.567	3.567	3.567	0	101.296	1	0.987	98.70%
4	100	101.286	1.01	0	0	3.567	3.567	3.567	3.567	0	101.286	1	1.01	101.00%
5	100	101.972	0.993	0	0	3.567	3.567	3.641	3.592	0	101.972	1	0.993	99.30%
6	100	107.001	0.999	0	0	4.308	4.318	4.318	4.315	0	107.001	1	0.999	99.90%
7	100	106.615	0.995	0	0	4.985	6.052	5.287	5.441	0	106.615	1	0.995	99.50%
8	100	118.929	1.014	0	0	4.605	2.988	2.845	3.479	0	118.929	1	1.014	101.40%
9	100	213.776	0.862	0	0	2.679	3.119	5.324	3.707	0	213.776	1	0.862	86.20%
10	100	300.086	0.535	0	0	5.943	5.445	4.035	5.141	0	300.086	1	0.535	53.50%

Iteration  3	Distance (m)	Time (s)	Avg. Speed	Collision Count	Manual Corrections	Start Alt.	Mid Alt.	End Alt.	Avg. Alt.	Collision Penalty (s)	Corrected Time (s)	Success	Speed Given Success	% Target Speed Achieved (Avg Speed)
1	100	100.042	0.994	0	0	3.565	3.565	3.565	3.565	0	100.042	1	0.994	99.40%
2	100	101.692	1.012	0	0	3.565	3.565	3.565	3.565	0	101.692	1	1.012	101.20%
3	100	101.449	1.006	0	0	3.565	3.565	3.565	3.565	0	101.449	1	1.006	100.60%
4	100	101.693	1.006	0	0	3.565	3.565	3.565	3.565	0	101.693	1	1.006	100.60%
5	100	101.269	0.999	0	0	3.565	3.565	3.646	3.592	0	101.269	1	0.999	99.90%
6	100	155.198	0.739	0	0	5.742	6.181	6.152	6.025	0	155.198	1	0.739	73.90%
7	100	130.608	1.026	0	0	3.426	2.414	2.814	2.885	0	130.608	1	1.026	102.60%
8	100	109.023	1.022	0	0	3.439	3.085	2.961	3.162	0	109.023	1	1.022	102.20%
9	100	190.038	1.044	0	0	4.165	2.884	4.158	3.736	0	190.038	1	1.044	104.40%
10	100	315.393	0.592	0	0	3.985	5.223	3.507	4.238	0	315.393	1	0.592	59.20%

Iteration  4	Distance (m)	Time (s)	Avg. Speed	Collision Count	Manual Corrections	Start Alt.	Mid Alt.	End Alt.	Avg. Alt.	Collision Penalty (s)	Corrected Time (s)	Success	Speed Given Success	% Target Speed Achieved (Avg Speed)
1	100	100.028	0.99	0	0	3.615	3.615	3.615	3.615	0	100.028	1	0.99	99.00%
2	100	101.507	1.002	0	0	3.615	3.615	3.615	3.615	0	101.507	1	1.002	100.20%
3	100	101.473	1.016	0	0	3.615	3.615	3.615	3.615	0	101.473	1	1.016	101.60%
4	100	101.57	0.999	0	0	3.615	3.615	3.615	3.615	0	101.57	1	0.999	99.90%
5	100	102.224	1.009	0	0	3.615	3.615	3.702	3.644	0	102.224	1	1.009	100.90%
6	100	110.939	1.018	0	0	6.918	7.305	7.261	7.161	0	110.939	1	1.018	101.80%
7	100	112.182	1.002	0	0	4.252	4.517	4.372	4.380	0	112.182	1	1.002	100.20%
8	100	119.036	1.016	0	0	3.911	3.039	3.061	3.337	0	119.036	1	1.016	101.60%
9	100	219.543	0.885	0	0	3.7	4.725	4.246	4.224	0	219.543	1	0.885	88.50%
10	100	173.146	0.756	0	0	4.442	3.646	6.06	4.716	0	173.146	1	0.756	75.60%

Iteration  5	Distance (m)	Time (s)	Avg. Speed	Collision Count	Manual Corrections	Start Alt.	Mid Alt.	End Alt.	Avg. Alt.	Collision Penalty (s)	Corrected Time (s)	Success	Speed Given Success	% Target Speed Achieved (Avg Speed)
1	100	100.3	1.015	0	0	3.658	3.658	3.658	3.658	0	100.3	1	1.015	101.50%
2	100	102.548	1.001	0	0	3.658	3.658	3.658	3.658	0	102.548	1	1.001	100.10%
3	100	101.575	1.009	0	0	3.658	3.658	3.658	3.658	0	101.575	1	1.009	100.90%
4	100	101.783	1.009	0	0	3.658	3.658	3.658	3.658	0	101.783	1	1.009	100.90%
5	100	102.635	1.017	0	0	3.658	3.658	3.734	3.683	0	102.635	1	1.017	101.70%
6	100	112.155	1.019	0	0	6.606	6.939	6.917	6.821	0	112.155	1	1.019	101.90%
7	100	118.104	1.019	0	0	5.26	5.9	6.155	5.772	0	118.104	1	1.019	101.90%
8	100	104.226	1.003	0	0	5.258	4.949	4.661	4.956	0	104.226	1	1.003	100.30%
9	100	170.677	0.782	0	0	5.349	5.45	5.973	5.591	0	170.677	1	0.782	78.20%
10	100	146.869	0.83	0	0	5.892	6.18	6.895	6.322	0	146.869	1	0.83	83.00%
Iteration  6	Distance (m)	Time (s)	Avg. Speed	Collision Count	Manual Corrections	Start Alt.	Mid Alt.	End Alt.	Avg. Alt.	Collision Penalty (s)	Corrected Time (s)	Success	Speed Given Success	% Target Speed Achieved (Avg Speed)
1	100	99.933	1	0	0	3.568	3.568	3.568	3.568	0	99.933	1	1	100.00%
2	100	101.386	1.018	0	0	3.568	3.528	3.474	3.523	0	101.386	1	1.018	101.80%
3	100	101.514	1.012	0	0	3.474	3.474	3.474	3.474	0	101.514	1	1.012	101.20%
4	100	101.281	1.002	0	0	3.474	3.474	3.474	3.474	0	101.281	1	1.002	100.20%
5	100	101.138	0.991	0	0	3.474	3.474	3.549	3.499	0	101.138	1	0.991	99.10%
6	100	108.774	0.982	0	0	4.944	4.876	4.876	4.899	0	108.774	1	0.982	98.20%
7	100	107.314	1.019	0	0	5.333	6.086	5.371	5.597	0	107.314	1	1.019	101.90%
8	100	117.666	0.994	0	0	4.539	2.999	4.52	4.019	0	117.666	1	0.994	99.40%
9	100	178.092	0.997	0	0	4.844	2.662	4.624	4.043	0	178.092	1	0.997	99.70%
10	100	146.466	0.924	0	0	3.113	2.4	2.033	2.515	0	146.466	1	0.924	92.40%
Iteration  7	Distance (m)	Time (s)	Avg. Speed	Collision Count	Manual Corrections	Start Alt.	Mid Alt.	End Alt.	Avg. Alt.	Collision Penalty (s)	Corrected Time (s)	Success	Speed Given Success	% Target Speed Achieved (Avg Speed)
1	100	100.007	1.009	0	0	3.571	3.571	3.571	3.571	0	100.007	1	1.009	100.90%
2	100	101.502	1.016	0	0	3.571	3.571	3.571	3.571	0	101.502	1	1.016	101.60%
3	100	102.082	1.019	0	0	3.571	3.571	3.571	3.571	0	102.082	1	1.019	101.90%
4	100	101.772	0.995	0	0	3.571	3.571	3.571	3.571	0	101.772	1	0.995	99.50%
5	100	103.115	0.998	0	0	3.571	3.571	3.681	3.608	0	103.115	1	0.998	99.80%
6	100	111.366	0.996	0	0	6.843	7.159	7.022	7.008	0	111.366	1	0.996	99.60%
7	100	129.899	1.014	0	0	3.459	2.316	2.663	2.813	0	129.899	1	1.014	101.40%
8	100	126.848	1.013	0	0	4.326	3.245	2.922	3.498	0	126.848	1	1.013	101.30%
9	100	213.95	0.925	0	0	3.643	4.49	4.397	4.177	0	213.95	1	0.925	92.50%
10	100	156.888	0.834	0	0	4.929	6.315	6.847	6.030	0	156.888	1	0.834	83.40%
Iteration  8	Distance (m)	Time (s)	Avg. Speed	Collision Count	Manual Corrections	Start Alt.	Mid Alt.	End Alt.	Avg. Alt.	Collision Penalty (s)	Corrected Time (s)	Success	Speed Given Success	% Target Speed Achieved (Avg Speed)
1	100	101.844	0.998	0	0	5.937	5.937	5.937	5.937	0	101.844	1	0.998	99.80%
2	100	101.021	0.998	0	0	5.937	5.937	5.937	5.937	0	101.021	1	0.998	99.80%
3	100	101.762	1.015	0	0	5.915	5.159	5.092	5.389	0	101.762	1	1.015	101.50%
4	100	100.902	1.006	0	0	5.092	5.092	5.092	5.092	0	100.902	1	1.006	100.60%
5	100	104.054	1.004	0	0	4.904	4.763	4.763	4.810	0	104.054	1	1.004	100.40%
6	100	104.079	1.015	0	0	4.763	4.763	4.76	4.762	0	104.079	1	1.015	101.50%
7	100	129.456	1.02	0	0	3.066	2.422	3.033	2.840	0	129.456	1	1.02	102.00%
8	100	112.072	0.995	0	0	2.918	2.977	4.6	3.498	0	112.072	1	0.995	99.50%
9	100	194.742	0.944	0	0	4.934	2.718	3.759	3.804	0	194.742	1	0.944	94.40%
10	100	137.88	0.89	0	0	2.684	2.311	2.251	2.415	0	137.88	1	0.89	89.00%
Iteration  9	Distance (m)	Time (s)	Avg. Speed	Collision Count	Manual Corrections	Start Alt.	Mid Alt.	End Alt.	Avg. Alt.	Collision Penalty (s)	Corrected Time (s)	Success	Speed Given Success	% Target Speed Achieved (Avg Speed)
1	100	100.058	0.992	0	0	3.658	3.658	3.658	3.658	0	100.058	1	0.992	99.20%
2	100	101.392	1.031	0	0	3.658	3.593	3.517	3.589	0	101.392	1	1.031	103.10%
3	100	101.696	1.003	0	0	3.517	3.517	3.517	3.517	0	101.696	1	1.003	100.30%
4	100	101.011	0.995	0	0	3.517	3.517	3.517	3.517	0	101.011	1	0.995	99.50%
5	100	101.609	1.016	0	0	3.517	3.517	3.592	3.542	0	101.609	1	1.016	101.60%
6	100	114.493	1.004	0	0	6.706	7.23	7.111	7.016	0	114.493	1	1.004	100.40%
7	100	110.733	1.039	0	0	4.393	6.161	5.345	5.300	0	110.733	1	1.039	103.90%
8	100	121.818	1.009	0	0	4.757	3.121	3.655	3.844	0	121.818	1	1.009	100.90%
9	100	172.269	1.011	0	0	4.302	2.55	4.64	3.831	0	172.269	1	1.011	101.10%
10	100	163.311	0.829	0	0	6.023	4.705	5.493	5.407	0	163.311	1	0.829	82.90%
Iteration  10	Distance (m)	Time (s)	Avg. Speed	Collision Count	Manual Corrections	Start Alt.	Mid Alt.	End Alt.	Avg. Alt.	Collision Penalty (s)	Corrected Time (s)	Success	Speed Given Success	% Target Speed Achieved (Avg Speed)
1	100	99.959	1.003	0	0	3.621	3.621	3.621	3.621	0	99.959	1	1.003	100.30%
2	100	101.846	1.01	0	0	3.621	3.621	3.621	3.621	0	101.846	1	1.01	101.00%
3	100	101.179	1.009	0	0	3.621	3.621	3.621	3.621	0	101.179	1	1.009	100.90%
4	100	101.764	1.001	0	0	3.621	3.621	3.621	3.621	0	101.764	1	1.001	100.10%
5	100	101.415	1.005	0	0	3.621	3.621	3.69	3.644	0	101.415	1	1.005	100.50%
6	100	107.812	1.013	0	0	6.099	5.447	5.409	5.652	0	107.812	1	1.013	101.30%
7	100	107.828	1.011	0	0	5.353	6.06	5.338	5.584	0	107.828	1	1.011	101.10%
8	100	119.741	1.007	0	0	4.616	3.101	3.366	3.694	0	119.741	1	1.007	100.70%
9	100	208.867	0.885	0	0	3.834	3.522	5.635	4.330	0	208.867	1	0.885	88.50%
10	100	208.287	0.822	0	0	5.821	4.928	3.909	4.886	0	208.287	1	0.822	82.20%
