Pillars			
	Target Speed	8	m/s
	Penalty Time	5	sec
	Collision penalty	40	sec
	
Iteration  1	Distance (m)	Time (s)	Avg. Speed	Collision Count	Manual Corrections	Start Alt.	Mid Alt.	End Alt.	Avg. Alt.	Collision Penalty (s)	Corrected Time (s)	Success	Speed Given Success	% Target Speed Achieved (Avg Speed)
1	100	12.489	8.118	0	0	5.708	5.71	5.71	5.709	0	12.489	1	8.118	101.48%
2	100	12.892	7.887	0	0	5.71	5.91	5.994	5.871	0	12.892	1	7.887	98.59%
3	100	13.823	7.452	0	0	6.155	6.321	6.406	6.294	0	13.823	1	7.452	93.15%
4	100	14.391	7.387	0	0	6.645	6.716	6.923	6.761	0	14.391	1	7.387	92.34%
5	100	14.991	7.144	0	0	7.014	7.311	9.28	7.868	0	14.991	1	7.144	89.30%
6	100	16.713	7.244	0	0	12.308	13.185	13.45	12.981	0	16.713	1	7.244	90.55%
7	100	17.375	6.695	0	0	13.98	13.748	14.348	14.025	0	17.375	1	6.695	83.69%
8	100	16.014	6.998	0	0	16.057	20.263	21.009	19.11	0	16.014	1	6.998	87.48%
9	100	27.717	4.9	0	0	21.922	22.266	23.142	22.443	0	27.717	1	4.9	61.25%
10	100	27.17	4.733	0	0	21.538	21.008	20.422	20.989	0	27.17	1	4.733	59.16%

Iteration  2	Distance (m)	Time (s)	Avg. Speed	Collision Count	Manual Corrections	Start Alt.	Mid Alt.	End Alt.	Avg. Alt.	Collision Penalty (s)	Corrected Time (s)	Success	Speed Given Success	% Target Speed Achieved (Avg Speed)
1	100	12.476	8.04	0	0	5.998	5.999	5.999	5.999	0	12.476	1	8.04	100.50%
2	100	13.09	7.826	0	0	5.999	6.075	6.093	6.056	0	13.09	1	7.826	97.83%
3	100	14.137	7.415	0	0	6.099	6.483	6.526	6.369	0	14.137	1	7.415	92.69%
4	100	20.266	5.766	0	0	8.934	10.701	12.404	10.68	0	20.266	1	5.766	72.08%
5	100	16.459	6.578	0	0	12.411	12.507	14.601	13.173	0	16.459	1	6.578	82.23%
6	100	21.146	6.078	0	0	14.69	14.674	15.271	14.878	0	21.146	1	6.078	75.98%
7	100	16.126	6.919	0	0	15.271	15.585	16.704	15.853	0	16.126	1	6.919	86.49%
8	100	16.483	6.832	0	0	18.059	21.249	21.03	20.113	0	16.483	1	6.832	85.40%
9	100	28.198	4.831	0	0	22.249	21.87	22.279	22.133	0	28.198	1	4.831	60.39%
10	100	20.391	5.623	0	0	22.047	23.682	20.695	22.141	0	20.391	1	5.623	70.29%

Iteration  3	Distance (m)	Time (s)	Avg. Speed	Collision Count	Manual Corrections	Start Alt.	Mid Alt.	End Alt.	Avg. Alt.	Collision Penalty (s)	Corrected Time (s)	Success	Speed Given Success	% Target Speed Achieved (Avg Speed)
1	100	12.552	8.062	0	0	5.905	5.906	5.906	5.906	0	12.552	1	8.062	100.78%
2	100	12.962	7.833	0	0	5.996	6.185	6.187	6.123	0	12.962	1	7.833	97.91%
3	100	13.575	7.623	0	0	6.228	6.406	6.489	6.374	0	13.575	1	7.623	95.29%
4	100	14.009	7.5	0	0	6.606	6.61	8.138	7.118	0	14.009	1	7.5	93.75%
5	100	16.082	7.002	0	0	9.334	9.725	10.704	9.921	0	16.082	1	7.002	87.53%
6	100	17.818	6.368	0	0	12.53	14.701	17.73	14.987	0	17.818	1	6.368	79.60%
7	100	16.27	6.916	0	0	18.425	18.72	20.894	19.346	0	16.27	1	6.916	86.45%
8	100	16.94	6.678	0	0	22.259	22.31	22.081	22.217	0	16.94	1	6.678	83.48%
9	100	31.235	3.653	0	0	22.315	23.165	22.306	22.595	0	31.235	1	3.653	45.66%
10	100	15.76	6.867	0	0	20.891	21.215	18.559	20.222	0	15.76	1	6.867	85.84%

Iteration  4	Distance (m)	Time (s)	Avg. Speed	Collision Count	Manual Corrections	Start Alt.	Mid Alt.	End Alt.	Avg. Alt.	Collision Penalty (s)	Corrected Time (s)	Success	Speed Given Success	% Target Speed Achieved (Avg Speed)
1	100	12.589	8.036	0	0	7.405	7.405	7.405	7.405	0	12.589	1	8.036	100.45%
2	100	12.96	7.867	0	0	7.405	7.405	7.405	7.405	0	12.96	1	7.867	98.34%
3	100	13.546	7.615	0	0	7.405	7.405	7.422	7.411	0	13.546	1	7.615	95.19%
4	100	14.198	7.468	0	0	7.542	7.503	7.489	7.511	0	14.198	1	7.468	93.35%
5	100	15.213	7.203	0	0	7.636	8.063	10.501	8.733	0	15.213	1	7.203	90.04%
6	100	18.409	6.311	0	0	12.506	15.58	18.192	15.426	0	18.409	1	6.311	78.89%
7	100	16.267	6.938	0	0	19.224	19.323	20.663	19.737	0	16.267	1	6.938	86.73%
8	100	16.642	6.813	0	0	21.211	21.171	20.872	21.085	0	16.642	1	6.813	85.16%
9	100	17.744	6.014	1	0	21.929	22.42	21.683	22.011	40	57.744	0	0	75.18%
10	100	20.435	5.458	0	0	20.71	18.297	20.014	19.674	0	20.435	1	5.458	68.23%

Iteration  5	Distance (m)	Time (s)	Avg. Speed	Collision Count	Manual Corrections	Start Alt.	Mid Alt.	End Alt.	Avg. Alt.	Collision Penalty (s)	Corrected Time (s)	Success	Speed Given Success	% Target Speed Achieved (Avg Speed)
1	100	12.521	8.033	0	0	7.622	7.623	7.623	7.623	0	12.521	1	8.033	100.41%
2	100	13.399	7.645	0	0	7.867	7.993	7.996	7.952	0	13.399	1	7.645	95.56%
3	100	13.873	7.443	0	0	8.085	8.121	8.194	8.133	0	13.873	1	7.443	93.04%
4	100	15.182	6.994	0	0	9.293	9.909	10.381	9.861	0	15.182	1	6.994	87.43%
5	100	16.127	7.176	0	0	11.211	11.27	12.503	11.661	0	16.127	1	7.176	89.70%
6	100	20.117	6.38	0	0	13.658	15.428	17.109	15.398	0	20.117	1	6.38	79.75%
7	100	15.784	6.643	1	0	17.803	18.123	18.476	18.134	40	55.784	0	0	83.04%
8	100	15.731	6.939	0	0	19.293	21.129	21.077	20.5	0	15.731	1	6.939	86.74%
9	100	29.925	3.718	0	1	22.025	21.81	21.896	21.91	0	29.925	0	3.718	46.48%
10	100	21.433	5.529	0	0	20.819	17.468	20.11	19.466	0	21.433	1	5.529	69.11%

Iteration  6	Distance (m)	Time (s)	Avg. Speed	Collision Count	Manual Corrections	Start Alt.	Mid Alt.	End Alt.	Avg. Alt.	Collision Penalty (s)	Corrected Time (s)	Success	Speed Given Success	% Target Speed Achieved (Avg Speed)
1	100	12.619	8.026	0	0	9.07	9.075	9.075	9.073	0	12.619	1	8.026	100.33%
2	100	12.556	8.031	0	0	9.075	9.075	9.075	9.075	0	12.556	1	8.031	100.39%
3	100	13.496	7.563	0	0	9.075	9.075	9.075	9.075	0	13.496	1	7.563	94.54%
4	100	13.92	7.421	0	0	9.075	9.054	9.322	9.15	0	13.92	1	7.421	92.76%
5	100	16.424	7.171	0	0	10.175	10.816	11.369	10.787	0	16.424	1	7.171	89.64%
6	100	15.174	7.12	0	0	12.383	14.818	15.064	14.088	0	15.174	1	7.12	89.00%
7	100	16.124	6.997	0	0	15.307	15.595	16.29	15.731	0	16.124	1	6.997	87.46%
8	100	16.905	6.75	0	0	18.322	21.457	22.325	20.701	0	16.905	1	6.75	84.38%
9	100	23.222	5.137	0	0	21.762	21.247	21.692	21.567	0	23.222	1	5.137	64.21%
10	100	16.34	6.726	0	0	21.09	21.42	21.163	21.224	0	16.34	1	6.726	84.08%

Iteration  7	Distance (m)	Time (s)	Avg. Speed	Collision Count	Manual Corrections	Start Alt.	Mid Alt.	End Alt.	Avg. Alt.	Collision Penalty (s)	Corrected Time (s)	Success	Speed Given Success	% Target Speed Achieved (Avg Speed)
1	100	12.451	8.039	0	0	6.372	6.374	6.374	6.373	0	12.451	1	8.039	100.49%
2	100	13.111	7.81	0	0	6.374	6.374	6.374	6.374	0	13.111	1	7.81	97.63%
3	100	13.698	7.555	0	0	6.473	6.787	6.913	6.724	0	13.698	1	7.555	94.44%
4	100	16.742	6.913	0	0	9.164	10.275	10.461	9.967	0	16.742	1	6.913	86.41%
5	100	16.225	7.033	0	0	10.525	10.764	12.013	11.101	0	16.225	1	7.033	87.91%
6	100	23.339	5.425	0	0	13.014	13.55	14.965	13.843	0	23.339	1	5.425	67.81%
7	100	16.689	6.714	0	0	17.592	18.015	18.26	17.956	0	16.689	1	6.714	83.93%
8	100	16.419	6.938	0	0	18.947	20.838	21.092	20.292	0	16.419	1	6.938	86.73%
9	100	22.134	5.328	0	0	21.803	22.298	23.363	22.488	0	22.134	1	5.328	66.60%
10	100	20.437	5.709	0	0	22.225	18.966	20.473	20.555	0	20.437	1	5.709	71.36%

Iteration  8	Distance (m)	Time (s)	Avg. Speed	Collision Count	Manual Corrections	Start Alt.	Mid Alt.	End Alt.	Avg. Alt.	Collision Penalty (s)	Corrected Time (s)	Success	Speed Given Success	% Target Speed Achieved (Avg Speed)
1	100	12.526	8.068	0	0	6.042	6.044	6.044	6.043	0	12.526	1	8.068	100.85%
2	100	12.87	7.855	0	0	6.116	6.276	6.278	6.223	0	12.87	1	7.855	98.19%
3	100	13.562	7.56	0	0	6.308	6.517	6.699	6.508	0	13.562	1	7.56	94.50%
4	100	14.283	7.407	0	0	6.932	6.935	6.938	6.935	0	14.283	1	7.407	92.59%
5	100	15.293	7.11	0	0	7.043	7.317	8.956	7.772	0	15.293	1	7.11	88.88%
6	100	17.282	7.103	0	0	12.57	14.493	14.954	14.006	0	17.282	1	7.103	88.79%
7	100	16.332	6.8	0	0	15.596	16.083	17.772	16.484	0	16.332	1	6.8	85.00%
8	100	16.205	6.952	0	0	19.872	20.875	20.996	20.581	0	16.205	1	6.952	86.90%
9	100	26.214	5.555	1	0	21.289	19.618	21.443	20.783	40	66.214	0	0	69.44%
10	100	23.441	5.894	0	0	21.155	19.728	19.05	19.978	0	23.441	1	5.894	73.68%

Iteration  9	Distance (m)	Time (s)	Avg. Speed	Collision Count	Manual Corrections	Start Alt.	Mid Alt.	End Alt.	Avg. Alt.	Collision Penalty (s)	Corrected Time (s)	Success	Speed Given Success	% Target Speed Achieved (Avg Speed)
1	100	12.474	8.085	0	0	5.628	5.628	5.628	5.628	0	12.474	1	8.085	101.06%
2	100	13.342	7.704	0	0	5.628	5.842	5.954	5.808	0	13.342	1	7.704	96.30%
3	100	13.734	7.616	0	0	5.998	6.177	6.331	6.169	0	13.734	1	7.616	95.20%
4	100	16.306	6.975	0	0	9.001	10.562	11.769	10.444	0	16.306	1	6.975	87.19%
5	100	15.85	6.94	1	0	12.845	12.728	13.877	13.15	40	55.85	0	0	86.75%
6	100	15.989	7.193	0	0	14.37	15.667	15.993	15.343	0	15.989	1	7.193	89.91%
7	100	16.147	6.996	0	0	16.76	17.264	18.373	17.466	0	16.147	1	6.996	87.45%
8	100	20.92	5.869	0	0	19.672	22.216	22.351	21.413	0	20.92	1	5.869	73.36%
9	100	31.703	5.095	1	0	21.086	23.514	22.492	22.364	40	71.703	0	0	63.69%
10	100	16.108	6.73	0	0	22.116	21.279	20.288	21.228	0	16.108	1	6.73	84.13%

Iteration  10	Distance (m)	Time (s)	Avg. Speed	Collision Count	Manual Corrections	Start Alt.	Mid Alt.	End Alt.	Avg. Alt.	Collision Penalty (s)	Corrected Time (s)	Success	Speed Given Success	% Target Speed Achieved (Avg Speed)
1	100	12.56	8.044	0	0	7.411	7.411	7.411	7.411	0	12.56	1	8.044	100.55%
2	100	12.89	7.839	0	0	7.411	7.411	7.411	7.411	0	12.89	1	7.839	97.99%
3	100	13.43	7.593	0	0	7.447	7.55	7.579	7.525	0	13.43	1	7.593	94.91%
4	100	14.096	7.464	0	0	7.782	7.764	7.74	7.762	0	14.096	1	7.464	93.30%
5	100	15.501	6.997	0	0	8.028	8.154	9.241	8.474	0	15.501	1	6.997	87.46%
6	100	16.737	6.688	0	0	12.131	15.09	20.079	15.767	0	16.737	1	6.688	83.60%
7	100	13.905	7.414	0	0	21.412	21.992	22.382	21.929	0	13.905	1	7.414	92.68%
8	100	16.515	6.734	0	0	22.455	22.247	21.81	22.171	0	16.515	1	6.734	84.18%
9	100	16.653	6.273	2	0	20.672	20.817	20.652	20.714	80	96.653	0	0	78.41%
10	100	20.852	5.434	0	0	21.667	21.681	20.989	21.446	0	20.852	1	5.434	67.93%
